33442
37969
9275
8173
36375
29275
13258
14618
5862
39594
24172
23088
43286
22991
11704
9713
27022
48544
28233
37583
43521
44623
8975
12742
30455
27472
37409
27161
22085
22418
32953
13211
32174
39767
10315
45201
42398
47727
48857
39907
43762
33044
47134
19179
17484
42747
45714
34277
46824
24971
26012
37976
30353
13491
25805
1988
4830
46264
49141
25494
5340
639
958
34480
35508
14640
34376
43469
25784
18486
7312
46849
4892
32936
33012
3733
1008
3268
26877
31453
46873
3285
29649
45270
25712
737
455
8643
25506
12424
22973
3461
46774
40389
5137
20051
43047
49005
36626
13332
45170
7540
32427
39818
47296
37481
988
6149
20538
11389
38153
7167
35659
1976
32531
12712
49820
45605
27792
23655
20675
19497
32423
28436
34977
542
24689
15916
29394
5019
19669
7848
36126
40626
13013
45247
8216
4455
22280
29054
10613
32712
49581
26975
18364
5367
9261
5540
35403
30481
20026
17709
4162
15667
36757
14274
5394
9528
30457
35315
39238
30475
7663
34395
15325
36583
6075
29656
32280
7641
27663
200
46334
36243
38296
30204
43111
42043
41943
30480
30698
15627
37242
5818
30911
44967
10267
48002
38795
30790
26041
22607
29476
41425
33228
18747
36944
22529
3058
40012
24251
14388
36002
41338
29567
14002
48865
37620
8803
11948
24411
38942
47780
33329
5654
4068
12837
37614
18895
11649
28873
17952
38855
18105
24870
10714
10492
29769
40809
15308
41577
41082
29477
12755
19112
19645
20253
5873
9054
31939
910
35691
7222
39543
48204
14215
11050
14174
48931
8794
31856
38727
12199
41299
14734
14462
2078
15007
34023
40054
21963
10850
3647
14550
2904
7918
3750
23951
9401
18145
30062
49425
8772
15238
39955
35661
19999
26790
733
46332
7206
7335
28993
42638
25170
42823
7751
40691
33330
18047
13217
15596
26947
16937
49073
7201
2541
9020
21068
26570
40589
42609
7386
35293
7890
32749
16072
17061
45554
30343
33005
33287
30277
15529
3614
12910
32009
42929
45764
6567
5212
21664
10778
6669
20514
32430
26448
5665
21637
44966
32234
35028
30935
18310
44569
21274
3582
39318
41893
34118
3128
36650
15556
39276
28679
15932
23807
27759
4192
12656
39529
43845
17232
33789
33045
12020
3794
2972
6712
34201
35321
37240
40592
27170
15612
44421
42255
30524
28227
43381
43467
33873
3886
45022
27587
25339
15995
4541
39215
20911
9413
4733
4451
32255
16211
21238
26561
16155
2087
20709
1859
47862
29381
22077
7921
16706
33779
43759
19097
25402
15119
4593
21785
26590
20976
83
22467
5914
29024
36643
4746
49034
16672
38854
29254
33770
44593
1817
11358
34635
38287
31044
26188
19876
43733
46142
23487
15812
12132
49197
21693
36593
31058
32181
24459
27263
16925
40785
44669
47855
26152
27541
14812
36975
39562
35616
30356
46841
47393
17997
44178
18675
46505
9052
36449
21621
40664
24466
33773
21394
21075
43777
37301
35041
13006
20858
5250
13957
4759
48132
18354
35430
47418
44405
32567
23944
38976
46808
34492
35824
26382
20586
3395
908
23510
20049
21997
36207
19093
33607
17048
10252
33016
27436
6984
45255
38209
46460
38974
7994
49850
48467
39624
32420
37952
46410
6757
17299
15124
17615
25561
37720
32478
33584
10426
43742
43016
34950
37521
22686
33229
10829
20230
38908
1194
37594
9068
8283
46545
38754
4028
262
3274
9180
49630
41751
25498
10430
30373
511
19622
47253
438
258
45498
43676
43830
24291
18031
49891
1583
4774
42429
44921
27948
16572
27466
4315
6795
9187
41778
21975
28275
2171
6660
7691
7499
1956
4171
7667
12853
9785
38215
3404
20561
44425
8084
49076
13538
2123
18561
39250
19734
30543
26071
41117
49837
42341
8140
21291
45763
18646
20566
36029
16076
15047
26467
11241
17491
10799
23570
5288
47535
5132
19181
10761
3894
38376
12371
22545
45970
28127
39916
4082
25242
42994
35617
45371
10005
25638
11576
17284
13155
31637
18305
10154
26536
46447
30245
49772
32862
11951
42357
28084
41248
41202
11911
17151
43696
29825
39919
34805
39652
13049
16756
43595
7879
49383
10953
8826
3050
35663
35104
41046
10605
36240
15730
17987
39708
11898
20398
24656
18158
35822
17924
7557
14470
15622
30788
16462
25003
37456
7662
26095
32925
34445
44632
47957
20836
14748
38104
11982
38806
23307
20391
22783
25775
6989
33085
36713
29727
41765
10512
5932
3279
49815
21426
48933
29936
35861
2599
4235
38693
23004
46026
20417
1795
29461
32426
17486
48417
9294
30338
3595
5579
15187
26061
49002
37099
20190
1893
35766
29354
7772
5182
29777
41708
14176
22273
25088
1016
15581
18793
13204
22404
9658
5748
31616
4837
29599
22555
3664
8325
14242
18467
18560
25840
10951
49698
20935
195
19897
30289
14838
14485
46391
48633
29991
7473
12697
16001
32877
48927
21015
25246
24965
33731
22653
25718
1832
41706
36805
19302
36419
21142
40941
16735
24681
1320
8341
19308
43453
40381
40049
43108
27898
24998
36568
19409
17195
39082
46225
36727
20815
8453
14379
31174
26750
39133
47236
38903
26455
27099
49562
7267
6524
37214
6016
7801
33115
34853
17637
1972
25980
37646
5150
47038
18411
22651
15488
8345
27069
32075
45070
15504
9896
43687
9270
42281
2840
16095
31913
48895
18513
45249
26166
13493
7414
38477
32907
19584
7170
33080
17348
17970
33206
47260
14700
47802
17765
32405
26669
42680
24263
39980
30250
35872
8556
21966
35117
15682
10384
11471
1488
3453
31162
45331
325
3283
38145
43557
16683
42781
13454
5473
17710
37658
37399
45010
11690
27316
8222
19407
19211
36940
17481
44202
31528
48206
32825
36381
21443
48827
15266
11829
18692
8862
3252
9975
23241
22694
36288
42834
7155
21994
22960
42517
25853
28212
6101
36884
39722
39131
7341
13843
40452
23234
29519
5210
885
12572
30588
15744
31960
3863
41894
24227
30163
43862
33446
35671
12599
39646
29584
10635
43669
33043
22391
18994
27178
37230
25812
29502
5406
35745
12344
14506
29684
26309
29997
49561
48337
41344
17976
5587
15620
36841
5679
23602
36122
49195
32676
23654
15208
5616
43936
22780
32826
10723
18035
33545
4857
16121
41192
31459
10900
17796
19268
27859
30433
44474
44567
6751
5421
32704
39126
10250
40223
44204
8206
25637
3722
35096
10241
40635
45622
20968
3839
44312
22177
30885
24964
30427
24232
574
17525
42318
19244
10015
39150
29478
2546
18538
36516
41604
42121
28924
4122
8430
9589
43864
45814
37124
34236
46759
36689
37820
38719
9692
23152
24518
7439
17246
47073
45050
15060
44846
34427
35982
11373
33674
39197
29277
20685
38127
10111
11601
39411
38252
17439
23882
25297
1801
28406
10633
21787
7126
45450
6261
3383
20211
27505
11963
39846
22925
26527
18655
14516
18235
20122
1102
45312
466
14849
35076
5826
28056
6420
811
11439
16023
38519
29015
27377
34324
35807
7654
40711
9334
40106
2902
26181
25761
38091
10457
47635
37529
15105
23856
19104
31704
31214
13327
38251
18129
27147
37695
31522
47513
12579
34915
39964
14668
43049
25504
1600
5945
19418
14750
37879
16108
26988
15036
45361
28870
49044
19366
40024
14029
31005
21383
43263
35078
37013
11670
30949
34293
49441
39004
15393
42695
22984
7143
27715
40233
14266
23575
32134
27883
5176
13373
7457
27087
12679
1891
22954
21794
32845
8378
12086
18219
28009
47667
36992
19309
5734
39188
1618
18687
1504
4144
20014
49474
40984
24502
39455
318
47455
42182
24043
38006
19220
38226
31354
30219
38489
27592
27032
18854
40699
18154
12207
11752
14504
33027
34769
44738
34170
48849
2817
41564
13752
11864
41396
3000
10911
12291
11318
33350
10814
16606
33320
36352
31868
4471
27184
19758
26066
32909
28232
4627
45103
25892
42696
15022
11403
23462
16301
16196
15515
6479
29586
10022
22915
10427
46860
19839
48521
30446
8747
35612
6295
17855
8421
9618
5025
40455
28418
49540
33539
5529
14609
41832
15827
29164
27855
29105
8324
42438
34514
4595
2447
39721
13110
30156
24426
36244
48889
38735
10431
8272
42545
33277
16973
8744
15973
45851
15277
27171
3292
44763
353
43738
86
32533
43773
41587
19666
23986
7768
49177
33705
2681
10785
32616
31503
15443
23408
21103
47098
30587
1112
19791
28973
26688
6596
24277
49137
21760
27323
6982
24850
39154
49036
14918
25304
45931
45251
13361
13293
22295
37414
41024
4175
12235
31277
11612
17007
16787
19728
41364
34956
12421
16391
13889
11233
20539
12761
35897
23553
41562
28691
5400
45244
15921
17562
47674
777
10730
8067
3267
9433
29683
17311
10151
48468
37235
27734
33525
23841
24408
39657
22311
3081
18329
23059
17575
36014
27018
47784
14179
49692
12855
40721
304
27493
30021
15890
45229
28194
7176
13218
13770
36036
16217
36127
4749
2628
19917
5694
27562
37874
39970
9112
8616
44471
32000
5778
49420
38579
48720
1752
42042
47097
34174
32481
5682
27065
48187
43334
43398
24275
41134
37784
41303
38434
35472
1555
2378
35593
2571
49008
16318
21035
44165
17179
44067
21715
49789
35619
48419
37031
9965
37556
11753
3831
26586
46268
45416
8304
18577
26387
38106
47046
47752
21371
49161
14294
35756
43230
41449
29040
14499
13407
34944
39952
17635
41163
34868
8756
47039
34387
18504
32571
3534
44639
32734
13387
7371
5206
21697
46171
31901
23326
36984
19620
35443
22850
7711
416
6515
31450
15069
21988
5074
25276
49918
30075
2387
2254
39387
21863
10424
44861
24451
47286
5574
48181
14346
46572
23622
27629
1196
22134
36464
31987
30727
23094
1435
21752
4615
35652
47289
38836
48959
15218
13458
2605
41875
16438
41975
12528
4668
6469
24404
40244
11481
231
13899
5900
30769
15954
26588
33992
9357
21057
44993
25883
8499
41851
20752
6811
27722
39696
26350
8200
33116
48123
33996
29299
21467
3859
30910
22387
233
27247
47026
13805
31531
15427
18857
5141
43792
14828
3372
44017
191
22359
45857
23823
44191
7715
11823
17296
27122
12823
20936
19338
29722
6548
5761
4497
45998
2384
48235
28927
18454
49388
28075
34999
32034
34175
29148
27438
23420
16346
77
12101
17917
8276
48355
17441
17642
13471
36329
3855
31851
46608
5640
37700
39170
45060
26552
2126
39198
15255
1038
33579
4979
45408
32066
15306
35458
13300
44658
25431
2938
37882
44225
44496
38077
49258
29954
37857
35941
40174
44444
24532
25668
24871
13686
4429
24606
35415
22918
5186
30884
31512
29844
23621
29229
32146
12780
37605
13948
24531
341
34845
20283
13822
11355
17120
2985
15095
11325
28229
6637
17492
34846
5714
2407
17808
16436
42871
17681
324
3873
46400
28473
39041
26580
46613
15915
16695
8231
19803
18123
10649
19205
26087
36520
17510
16039
8273
1926
2626
30585
13574
16791
42885
35120
47836
40670
11617
576
37985
9274
43801
926
32110
37095
6835
40707
38332
48352
3133
32838
7728
14563
34667
13033
44058
27696
29448
32210
47328
44166
17187
40927
17471
38270
36133
15528
14469
37544
8256
31112
39553
17522
43579
25841
23202
23840
8229
21093
9746
24901
17415
7944
43071
22577
22084
42129
29417
22014
46038
28280
6558
26069
39805
8988
32297
43994
44182
48240
49293
43281
23663
34310
25565
46634
23703
4110
35688
8941
11666
17889
24250
5379
19435
15752
38428
35680
20073
22936
7821
36044
21720
44715
23366
3250
49332
4094
24738
39656
3959
21196
4147
16781
25193
46185
6003
25284
43918
42423
20218
28144
24593
40268
21409
3624
12282
22688
37101
18177
30619
41382
43597
18238
30951
46712
46259
33421
13706
12045
9772
30386
37813
35173
45936
2287
41321
34553
29046
25146
19029
45668
32050
9373
42914
22104
986
16560
33400
10486
8123
37105
25270
12247
27131
5087
41136
8593
44848
49443
23328
18141
10362
16041
1294
9653
17022
8807
9646
48945
19263
33378
17110
45557
20907
10738
26288
11980
28854
26797
28684
37810
49032
33336
24117
36016
9824
4767
19489
5020
38379
42415
25401
29768
49900
11652
12969
25421
41531
45291
29055
15090
12875
48316
17606
4601
23086
38046
46307
32118
30052
39267
23286
38067
11162
29392
42205
45780
36278
49569
18767
47580
26277
37432
10913
21686
21878
21904
41741
3393
2121
33907
2037
8226
374
12160
27920
28152
15003
26619
37869
14153
2438
18524
24688
14338
1787
31705
26105
43332
29528
16371
48629
30110
6145
39189
18877
3697
8731
10859
33443
8751
13308
43790
4445
5018
45140
45500
46351
32334
2919
38999
24899
24958
19234
37983
10412
16513
9970
2962
34697
8629
3934
5935
37220
20158
3563
11221
20511
18658
18382
25636
14123
31007
3966
26657
9431
31394
1678
19864
27574
14134
14721
17057
3061
35121
4567
27774
26985
49956
35342
45308
35520
45797
17650
15450
7144
16508
18728
33702
7251
6189
11121
18543
44245
30560
21184
12034
16620
28617
37830
12391
39343
6019
15800
10081
38573
29801
44817
6180
43527
36145
475
8960
30462
1057
11292
5415
42107
2543
15644
34001
37741
46031
48829
8083
49042
6674
21782
33576
35059
15475
30000
10482
43224
20066
27485
44324
32813
2099
34902
41859
49140
25576
32982
5518
32942
14969
39813
31944
24857
41267
10381
42019
37150
18772
14502
32099
20618
14491
42145
23603
38726
39536
1702
39049
22138
35133
10313
6213
2010
27174
46434
44849
39003
41353
21719
5801
17408
29382
38126
17255
3142
36838
23855
16046
3155
14988
2049
1662
47030
37454
6514
8153
19306
30869
40283
14114
25229
39065
13573
49097
1534
40240
6992
18135
22386
31993
20454
30637
669
23612
12920
34904
34638
44160
20466
7062
34885
29981
10194
40083
42585
42130
25394
49113
9017
7438
28660
26084
13377
673
14040
19750
25522
39676
26724
43025
16185
34844
95
18853
3797
49301
20101
17597
4851
49776
2617
26758
38625
21254
6764
37017
30494
22939
48750
28278
7740
20806
11947
6752
42785
31255
43124
26679
22305
49431
48495
21211
48913
34087
17326
7923
10191
37298
7979
11347
45964
18927
16471
17725
21470
41881
3674
270
19523
28768
26833
30583
17716
37924
47732
43481
28028
9143
395
45028
14183
24127
30631
41296
36664
44452
22704
41530
25766
26598
21125
17168
2435
26673
30866
9065
2085
4690
17854
30694
30514
27964
13998
39507
28482
15340
31020
32266
13343
22629
27544
34203
10073
23259
19902
18063
40181
41288
42171
31718
7475
21569
32698
20955
42132
44857
29176
32303
29569
8672
2152
15653
47493
40946
5829
11427
10483
36962
42314
45483
35919
27275
25200
7696
42440
26197
15727
16608
44135
34029
10003
32832
10435
47395
28078
27710
7939
35558
14419
28121
37052
5621
41157
27265
5831
19795
5765
14368
35852
6633
44117
15737
13747
40817
3248
29652
1502
35626
21815
21418
42322
46407
6020
4221
26565
10036
30274
17523
9448
12534
20424
30069
15765
20587
34689
28238
4506
1561
37951
40459
1951
43983
34071
20188
8868
19364
28685
25808
8396
44527
25865
7538
9003
18222
43835
36072
47373
37659
16861
12744
31392
28597
1608
35597
29609
46489
35079
36341
24695
32052
10520
36265
16598
29615
21887
45242
8177
41921
7282
17697
4181
22888
33209
23991
18181
22278
41377
44915
9191
14206
32645
2726
2633
37310
10922
39262
8081
22242
43674
18478
7922
2787
40729
43355
33154
13609
19960
33031
22951
31965
48366
38640
35066
48191
1674
27063
30026
11909
15589
6855
38445
10150
11470
42582
8548
18283
45633
3277
1540
36571
47186
5306
28450
11978
17355
39261
3468
4220
17366
37200
27111
33171
33875
43042
3691
30493
32785
38123
16691
48697
26406
49029
22956
8976
39118
24161
33000
10165
7061
35356
43555
45916
8845
39692
16472
23601
47902
37162
44218
48978
31016
32607
24298
44391
27333
32945
13965
32469
132
30484
26361
14391
28123
39086
131
32482
45162
45842
3485
47002
44064
8187
47452
49015
18067
8644
37684
16499
37675
37713
2923
30406
15566
38329
38322
37281
16327
20196
10018
32453
29873
1799
33883
5738
15984
2837
40736
27865
16004
1074
8911
41124
81
31024
25139
25866
48461
20614
14628
13524
23936
27824
10509
11181
29965
9565
11771
46010
16639
45870
49966
2115
42097
5254
6843
42086
43052
38898
28961
10619
35219
3110
31904
18339
2805
1276
23142
39111
33885
21598
18686
1912
28172
40445
6453
2679
34446
19466
14667
8488
38188
1436
8746
27608
42693
45045
22531
43670
3382
3057
11635
42425
30184
48046
28776
18777
3423
8000
15322
46512
24614
4925
46886
21218
38606
18331
2757
21823
19185
39007
29221
43257
28344
43879
25488
10187
37856
48735
833
46454
16112
35678
20633
152
37547
41266
22176
3415
40338
21131
20267
8989
33899
12398
39653
13772
11147
16063
12164
46790
16369
25427
24108
21801
38131
46326
40326
7381
20882
12512
925
32823
19924
33903
19445
42710
13311
17798
6202
24099
48748
20100
1922
3753
10530
43055
37986
39248
3363
24556
29815
12546
23963
46845
43871
33127
33817
29249
13134
6969
21329
22120
47005
17719
18437
32892
3773
2454
18450
14109
46614
29515
14543
29527
17516
5426
27925
48466
778
33662
2402
41257
48756
48893
39782
28996
18472
21485
21519
4780
47549
49498
26025
45840
25926
1822
44352
1148
20683
24054
13757
35948
4856
5017
28886
30534
36187
35016
32701
5166
209
31447
33078
45762
24409
35723
2290
8753
19996
11417
48363
39893
47329
15553
4128
25788
15874
25078
30651
15190
35721
42424
33087
32570
16730
42417
38698
2770
211
49126
37383
30660
13699
7541
16650
17877
46835
15053
14187
39180
11016
7388
5719
22414
429
9815
24904
42375
13955
45753
13623
27880
41224
24156
34958
44034
13768
15320
17853
24635
7275
4047
6259
20953
23231
32782
6495
27355
37228
41744
41869
20104
9861
37503
15851
35527
9094
26695
7569
16724
48213
15199
31544
12777
11820
31350
36795
12400
49012
3543
21085
35577
7356
19175
17420
12106
24225
42652
5077
39011
35126
24244
46666
31794
46599
10183
6430
11283
27543
49924
7310
44287
4553
31282
14053
6128
10500
40902
25043
25415
41231
13765
38065
35545
12377
38793
7819
4156
6063
33042
31076
33181
20364
12466
42608
16143
33515
45020
20310
19408
44721
36180
38755
6549
30434
29645
4756
5045
10131
15746
21937
1396
15777
8382
18571
9178
27699
24418
49798
23846
1847
13292
27129
9695
34780
1518
9721
15479
7272
48781
41548
9804
48057
555
32331
30616
44088
38645
15463
23445
19684
41273
42526
18252
3083
21492
5883
30102
26222
16444
24890
11650
44629
15723
44990
24626
29108
20807
4817
9210
6228
37051
17356
14171
41909
36371
28245
35226
11335
18653
25115
6798
29602
10156
32465
44404
13450
17081
42470
26190
13793
9548
48795
3878
9096
42791
38601
15638
38530
17306
20728
23634
27834
48280
40003
9874
8500
1963
38888
4057
5402
39754
22254
28003
20294
9215
35875
7214
44295
41637
45752
33684
42674
33534
5016
10353
41696
20410
827
24403
22061
43649
39758
847
4344
5781
4723
44150
30108
44722
34824
31408
18795
915
393
16968
39211
19611
48992
44836
31573
12068
35500
44712
36303
6720
41650
4670
33211
4374
27917
30566
47631
7776
7292
36914
47435
34048
11901
38249
1742
17473
30377
17425
17980
16316
9894
24669
28582
28730
40245
34916
34580
32963
33053
15118
40864
17222
34771
43882
8374
46573
23146
23198
40399
7664
34674
29212
17975
4341
14489
47485
24853
41412
31560
28180
41660
16732
32751
40857
29719
35928
38554
35658
29309
31714
11461
11156
25141
47790
12044
36796
41614
6079
44462
30426
5519
15930
7895
36415
42571
10898
10749
29220
8676
33297
49932
6818
45945
32163
44413
42068
22032
11140
35957
6512
24230
47927
29093
23981
11392
29674
26485
7554
1692
17989
19692
22367
26616
40675
49205
13473
38175
9142
44603
49168
7839
44902
24059
14490
7747
10667
35546
22800
45398
26869
43491
45182
27966
8758
22943
15929
44336
38362
14488
33187
19920
25702
12541
3730
46855
27520
3763
13382
15798
182
28801
29083
27540
29287
8662
37904
4940
49304
31967
3907
16685
664
44027
7477
48485
23331
6687
6683
25826
27240
14407
34380
36533
12653
36831
18662
6233
17462
36752
12353
28146
33487
48600
40962
23617
16084
17390
24011
11667
29245
23573
3522
17074
12110
31981
19874
12174
42528
25859
8897
35074
14956
16352
2939
23549
12778
42684
18360
20786
24855
13865
21599
36892
2304
17453
37989
21533
25882
18308
34643
7302
4645
28502
31231
27518
36531
36402
21695
37758
45314
4730
11126
49305
41784
4216
23678
33403
2094
11253
25072
3960
6156
23924
41918
46470
4719
13067
3376
12082
10776
25662
18163
46827
7748
6805
1401
26244
32952
33235
36267
26705
2353
36980
27445
8077
13182
47204
44300
2699
27720
24377
17563
13916
22255
1861
18980
39872
30970
5642
41968
46205
35468
553
17671
28495
48774
25508
18836
28869
37770
9828
43400
20480
49144
49207
3278
27517
5952
13675
44154
28205
34216
30520
43984
31902
14151
45438
12054
49587
19052
11139
3202
44494
23232
37009
47969
42150
38708
43151
38967
4367
44513
33708
37062
26249
21699
13430
48361
17676
37973
19895
32678
15951
2976
3684
17467
42734
38314
39130
38221
1938
11750
48615
32808
11814
7517
30705
38202
46507
27763
34698
6173
2014
11171
6610
41439
37921
44318
38702
17683
41219
18256
8871
14890
26713
35918
31464
34471
33920
41547
31426
19985
16330
14218
12995
28955
20670
46416
14494
23067
19071
3707
30011
13864
14503
2992
16985
135
19301
39533
49424
42896
14745
40421
2716
44285
39654
48484
25726
40216
17512
11894
42309
21572
26438
4130
31499
37814
32236
32
20659
268
44257
23382
47385
3601
36880
4303
33718
45647
17418
17983
15531
37278
41668
19845
45386
44447
43971
29524
15049
14241
40101
47751
11049
20087
33241
312
35715
46797
15138
25319
37059
33726
43090
19820
16826
27400
9622
35672
22846
2441
15519
29103
6490
20214
11211
5271
27717
40075
25843
13678
9562
44845
18092
14357
44636
19318
32966
46517
15314
28211
3264
24311
28449
22959
47604
16406
21480
31486
14101
40593
17687
9846
40348
4286
27216
28875
49246
22587
984
25850
24661
9430
40044
3953
47846
30789
41528
19880
14164
10261
3377
21631
35544
36521
28221
3921
8939
16677
34224
32771
33128
34724
45266
21016
27277
20829
28511
42342
13802
44039
35698
2075
15672
42100
48386
911
48329
35125
47608
35560
23363
13922
41600
48743
7946
31178
8339
32525
44189
7695
35533
41343
16273
43589
23593
27136
12997
6085
21543
23127
36500
10821
32137
48360
42907
1056
675
23495
7014
25706
41615
17051
36598
31962
6831
43110
31642
35152
30828
27102
22994
46796
11320
43176
29575
46487
42570
23597
33101
41861
12916
24181
13569
8146
12734
3433
36205
47698
36935
49873
9641
6194
22331
12135
13422
2638
23342
8618
33595
26931
40854
21182
36673
40730
17546
19652
25410
39568
41228
17036
38186
25757
22931
33969
3315
14725
19191
47004
49478
27241
26511
3890
41130
21972
22170
14697
11460
30438
17304
17096
8508
7252
46763
42203
26388
11700
25369
18991
21097
8853
31509
26838
34891
30181
32399
22742
5614
36340
45274
31649
10182
46287
47598
18474
18386
19702
41733
36260
36601
8277
30206
5677
38882
40156
70
24195
30519
48961
37893
14805
20783
2372
25854
24662
40191
47800
25738
47063
20869
48478
47999
42884
20071
38811
24592
1013
30714
16936
27649
49609
31339
23761
44816
20487
28296
16856
49737
40576
25302
46035
40704
46041
42348
33692
18763
45373
39513
23569
34516
12944
46335
42766
26956
25237
7937
9948
36826
21304
39634
36656
18216
39659
34842
15940
36097
33180
25893
13249
14329
12939
41843
5909
9234
34171
37118
18935
25084
3636
4689
30197
34063
49335
19818
39735
65
25365
49935
15825
29474
48522
23813
13165
39832
49461
19610
42743
13140
4983
7105
18106
37134
45937
5689
21440
35119
19305
30225
19046
26230
3840
17156
1151
35400
36057
2846
1289
11094
44751
6150
21020
19763
17196
11191
35225
29710
6136
11746
43043
34978
28662
25727
28261
12469
17665
25962
38121
32221
349
48082
29582
31680
17579
33353
40046
21624
19850
810
41511
1897
25773
3141
47062
48922
37931
38589
21330
6382
21462
23411
15897
34563
898
42041
46908
16367
41079
20199
24046
29910
35153
30871
16483
44499
45743
41112
32557
33342
11552
15176
47616
47681
48105
38289
20808
35316
8197
12807
19231
34877
21633
39272
29868
8387
20694
19586
29700
18293
16519
18223
20461
10083
29607
13738
31400
11224
1337
23918
37471
24427
7757
42950
36773
10389
45660
38847
32809
44188
32904
49377
17926
43606
5204
31749
18729
45533
1377
22940
273
1205
30753
45046
47989
24597
49524
33139
10176
25763
39850
2719
15267
24483
32202
42186
22934
10910
47706
9051
14320
20271
39927
3537
1567
49895
11048
9800
10260
33017
46365
46428
12301
44211
21124
49055
19774
299
3590
47473
11669
46715
13970
25092
18126
45435
22038
45983
46663
10439
32346
30738
7361
7337
7524
24470
49826
18678
49683
39714
39077
29794
9232
32308
10871
31780
32092
864
45503
495
23843
12538
5154
29430
282
42207
25102
16266
10184
27785
26641
18945
10744
36183
6812
49320
38817
34497
35353
17339
10585
21327
12575
44438
929
34477
24067
13784
33246
22526
14272
25674
6248
7543
34557
41123
2934
49110
46445
34949
29639
32950
14195
24825
48167
45042
6175
25719
11115
17334
6282
1313
7553
30818
2013
43504
33347
43847
13225
21008
25262
31935
8089
18025
813
1126
14027
19661
2578
48878
3349
31604
46769
31559
4718
26104
5645
46859
27958
8319
21865
41263
43278
15669
21998
4292
18688
35280
46979
43476
47224
12333
39117
45139
47101
2733
27304
24243
32707
47918
24833
24508
35883
44458
17033
33623
21499
30691
19117
31238
32781
14749
16898
32865
47766
11315
32655
8142
24576
7852
31654
9932
23332
47173
12708
101
2532
10197
47362
13169
30920
11920
32635
27257
16123
11817
12923
41524
22962
13323
41691
45439
16013
49
39363
23257
45248
19630
42725
12890
44168
34762
37333
753
825
9921
11958
18284
6645
31436
20181
3906
26402
44080
37662
14983
39678
38034
47412
48014
41810
26716
16752
1373
12812
25855
15712
41986
43061
42326
42024
38819
36398
7600
31491
6130
19747
14917
23686
30086
48560
48479
11737
20657
21537
44466
586
32408
36146
24529
6301
41261
34880
5471
14314
44675
19510
16687
27990
27172
47892
12976
23291
41314
8098
8778
6409
2069
41389
49555
34899
49794
2891
22685
8415
24807
11696
31430
5466
31726
4476
3828
41213
38670
46916
43483
9482
32351
43909
45545
6109
10718
13088
36061
11265
33928
7693
26861
35693
49669
12091
24022
37068
9186
2701
32211
27194
8413
20082
44090
40013
13885
18107
23390
27296
15878
9123
46019
44854
3205
43175
31917
43030
8161
41156
19484
5027
2164
47007
29818
22192
22937
25056
28765
11856
36746
37386
33392
2063
24469
47174
19262
27037
42575
46123
1453
48686
29784
31391
5566
23967
44379
25538
19400
6005
16927
8115
48197
42305
582
28240
49787
44668
9571
46304
4743
8970
14297
37287
24575
41776
46829
39119
29884
39939
634
30900
13863
21455
31078
36120
16311
1996
5656
8885
42601
3603
30711
41281
20232
13996
35817
22368
23748
23300
10755
42850
31221
7963
47910
40646
39359
31721
42832
29725
39227
32843
32488
32619
17897
46233
26961
322
9817
11985
11986
43776
23369
23133
43988
31285
19891
35859
14968
585
26981
5030
41354
26765
8144
24464
21010
36262
40933
16064
33827
47155
27743
10751
356
32429
27095
45156
28967
11116
23695
34973
5385
26394
29557
30104
27189
21441
20097
37564
39899
28020
35256
22184
39388
23920
41827
30278
31286
4858
3184
33058
19643
5095
27308
28302
34640
21874
23711
17183
10240
1497
30440
34382
38071
44581
41987
29231
18626
17297
16754
22672
43876
49121
43897
3435
31371
23763
33185
27998
49084
4948
4075
5635
12039
12072
33605
36741
16667
10117
45966
27334
30606
31681
21065
41999
45750
12467
10062
35289
36438
49114
31390
3739
2296
32498
33197
48666
12006
3817
45792
302
44106
37769
36760
34490
16679
16766
40440
5484
2226
11585
44473
37775
29190
11739
30771
4024
49094
30008
47080
19783
29339
31311
23957
15378
15042
39817
3545
199
1059
32652
47114
27875
35864
26769
21258
44582
46642
44495
18563
8204
32487
11718
43686
29628
3506
33603
5281
22774
25107
22022
20962
20585
44539
20069
23629
31926
14888
40132
20988
14443
25348
11854
34680
47055
40016
30767
32744
45113
4077
11915
2597
46891
45824
17104
32919
8952
36742
24257
29903
6489
29803
6718
38093
45491
19094
38932
21771
32064
31919
31707
36015
47803
32041
46034
12667
1848
22396
7625
20714
27969
44350
41546
42192
43561
7058
25860
10674
32157
15167
15755
29312
43663
8969
39044
44589
33006
37829
18522
16767
2412
42296
40846
15887
752
34032
45065
49998
33962
41502
39842
29826
31860
23816
23415
36380
39586
27403
45030
18264
34241
24740
42007
39485
22438
12246
1153
30213
3604
34552
35800
4231
31336
16771
17730
9978
106
7685
11192
24406
26880
28970
11390
4531
33671
28988
4886
2552
40107
7670
29987
23725
9703
26620
42563
7003
8032
28826
19723
15331
37669
10365
10373
11723
24735
46187
16026
29496
6252
45304
32136
32740
47071
33192
20302
39569
33407
4228
38061
42030
30741
14685
9694
26574
29142
28313
16814
9852
10294
38972
21107
38052
43203
20669
34481
48620
21324
36083
42864
12631
454
47590
44136
43715
19545
16597
18294
11163
17912
46213
14076
29081
36863
29533
11810
22876
25868
48543
21343
38585
12308
11456
30906
5591
1965
25174
37403
32957
26261
17027
21102
43688
19765
32367
8109
640
47047
31567
28196
34851
30707
19638
13112
47714
27397
41735
44347
33140
39057
48732
2988
41855
46784
20943
10562
32349
17436
39306
31529
3225
6474
824
24789
20127
24834
29119
28858
3505
30829
25469
18012
15673
39765
19035
27094
32989
32644
19007
47315
38017
8034
12610
13215
13465
3737
13367
32082
10907
36250
42903
12810
24726
15001
48348
19131
35676
16261
23044
44903
29010
25357
38410
35984
2735
7991
42534
26014
25798
22100
44936
28743
1652
22047
12408
29246
29132
19662
37326
27073
31634
36038
19018
27944
35494
761
24260
5004
24926
13081
32249
6914
35493
30958
637
40419
38004
41508
24928
14464
15493
35958
6613
19450
10076
22657
24680
5997
46134
8274
48006
42194
14160
18381
44691
34397
3111
49359
27567
15311
897
12038
21627
29307
8351
32858
18754
43552
27443
1183
30842
46216
40491
44735
48757
35818
48051
11189
38005
7150
18043
49516
26364
23781
35974
30216
38889
30019
47807
19410
10429
15094
23194
30941
35461
16526
6785
1657
43817
28915
22328
4214
1198
44153
45205
16518
40163
6256
41169
670
48106
21721
23329
21130
22110
22919
9707
4883
40119
35083
21767
2663
155
25817
1025
7798
11685
17396
27401
2564
26537
19614
12492
49926
44862
10277
36007
2282
17685
17708
13334
10172
34778
14568
12796
3698
13504
31805
14839
3078
5152
2203
46668
20601
5178
21072
604
46138
28756
11726
33847
35203
912
4052
16293
8520
48635
42340
9110
1995
33984
46425
1969
8848
49596
26757
34715
30134
2257
22023
23374
37137
25588
37247
30737
36423
47809
17752
12723
7369
12772
41269
18120
10032
41042
12010
3717
35177
15594
40647
35069
23530
6584
34829
15888
1876
31203
18162
9446
4865
43368
43181
18306
40834
860
47824
48952
18592
3028
13941
4419
17515
48881
1105
26103
33448
24694
7988
34017
44780
30079
34110
6253
1055
16778
43755
19479
3354
34662
34311
40292
13055
18717
43196
17456
10040
23739
